5984 5984
6798 6798
271 271
279 279
9524 9524
9253 9253
3514 3514
99 99
622 622
8016 8016
6533 6533
6530 6530
393 393
390 390
2308 2308
3743 3743
4621 4621
4629 4629
179 179
6813 6813
6812 6812
9756 9756
9753 9753
7664 7664
7666 7666
1542 1542
1548 1548
5619 5619
5610 5610
6779 6779
6776 6776
6777 6777
3583 3583
3681 3681
3533 3533
3532 3532
3534 3534
10183 10183
1155 1155
2185 2185
2184 2184
6452 6452
156 156
8688 8688
6189 6189
2727 2727
7947 7947
9198 9198
7949 7949
9774 9774
8866 8866
8869 8869
811 811
817 817
1705 1705
5260 5260
4573 4573
4194 4194
4192 4192
4191 4191
6434 6434
6433 6433
8197 8197
6757 6757
9946 9946
238 238
234 234
231 231
233 233
5077 5077
938 938
792 792
799 799
1130 1130
1137 1137
4974 4974
8505 8505
8509 8509
2882 2882
7499 7499
4761 4761
5807 5807
1573 1573
1575 1575
4888 4888
2708 2708
4882 4882
7965 7965
9172 9172
9171 9171
9715 9715
3479 3479
8883 8883
9006 9006
5247 5247
7932 7932
7284 7284
9455 9455
5656 5656
9453 9453
7774 7774
7772 7772
3911 3911
3910 3910
8312 8312
9921 9921
3285 3285
3648 3648
3645 3645
2559 2559
5013 5013
4417 4417
4413 4413
9548 9548
1110 1110
2006 2006
2005 2005
6524 6524
8264 8264
5820 5820
1182 1182
196 196
9159 9159
6271 6271
6274 6274
6276 6276
9735 9735
3456 3456
3062 3062
3061 3061
3065 3065
497 497
6471 6471
7759 7759
7750 7750
9902 9902
7953 7953
3665 3665
3663 3663
975 975
8141 8141
8926 8926
3387 3387
7105 7105
1689 1689
1465 1465
4219 4219
8129 8129
2292 2292
7927 7927
7921 7921
7298 7298
9139 9139
6297 6297
6295 6295
6290 6290
34 34
3439 3439
4936 4936
4849 4849
4566 4566
1910 1910
3049 3049
3040 3040
8349 8349
1323 1323
6904 6904
7733 7733
7731 7731
7737 7737
3955 3955
8351 8351
4063 4063
4060 4060
5788 5788
3608 3608
4453 4453
9673 9673
10103 10103
7125 7125
1666 1666
596 596
2607 2607
2827 2827
2820 2820
3962 3962
4215 4215
4216 4216
5579 5579
5571 5571
3968 3968
6102 6102
6101 6101
9117 9117
8533 8533
4866 4866
4867 4867
10259 10259
9111 9111
9445 9445
459 459
453 453
6922 6922
8372 8372
8378 8378
4009 4009
4006 4006
3625 3625
6528 6528
8142 8142
6446 6446
6312 6312
6319 6319
5349 5349
9300 9300
1209 1209
2806 2806
1421 1421
6327 6327
5434 5434
3366 3366
4272 4272
4862 4862
5551 5551
5550 5550
5882 5882
7508 7508
2257 2257
4637 4637
2255 2255
2788 2788
9467 9467
9461 9461
2074 2074
6499 6499
6498 6498
6943 6943
6944 6944
8397 8397
8392 8392
4394 4394
4029 4029
3994 3994
3993 3993
3991 3991
294 294
295 295
2442 2442
2440 2440
7862 7862
6376 6376
10144 10144
10146 10146
9637 9637
8945 8945
5182 5182
5185 5185
2861 2861
557 557
551 551
5458 5458
5537 5537
1349 1349
5100 5100
370 370
373 373
375 375
5549 5549
2275 2275
2279 2279
2278 2278
4821 4821
7985 7985
7989 7989
7323 7323
6961 6961
8158 8158
9981 9981
1386 1386
1387 1387
419 419
5273 5273
2422 2422
9341 9341
9343 9343
1811 1811
1963 1963
1975 1975
3220 3220
2846 2846
3321 3321
5479 5479
326 326
3038 3038
1559 1559
535 535
534 534
5137 5137
1904 1904
6510 6510
6514 6514
6516 6516
3819 3819
8455 8455
8451 8451
8450 8450
8459 8459
7544 7544
6169 6169
2214 2214
4512 4512
4514 4514
9428 9428
9421 9421
7309 7309
9280 9280
7040 7040
7049 7049
6988 6988
2981 2981
2987 2987
4351 4351
5707 5707
2246 2246
5356 5356
7823 7823
7822 7822
7820 7820
5350 5350
9369 9369
9366 9366
8983 8983
1833 1833
3798 3798
4988 4988
2408 2408
1275 1275
511 511
8293 8293
3870 3870
4166 4166
9301 9301
2239 2239
5936 5936
5930 5930
3493 3493
2096 2096
2090 2090
9016 9016
7362 7362
7363 7363
9008 9008
7596 7596
7796 7796
3337 3337
8665 8665
5721 5721
8088 8088
6646 6646
7801 7801
7803 7803
7807 7807
7806 7806
2396 2396
2398 2398
1858 1858
1856 1856
5122 5122
7237 7237
9192 9192
5438 5438
601 601
1205 1205
8275 8275
8272 8272
353 353
1357 1357
8417 8417
9800 9800
6482 6482
6480 6480
4145 4145
3852 3852
4552 4552
6074 6074
6078 6078
1186 1186
7009 7009
9320 9320
1701 1701
1703 1703
6664 6664
2370 2370
1876 1876
5101 5101
5244 5244
7502 7502
6864 6864
8251 8251
8250 8250
8789 8789
8788 8788
7616 7616
8513 8513
5682 5682
5971 5971
5976 5976
5975 5975
5407 5407
2580 2580
2588 2588
2635 2635
2634 2634
2636 2636
9228 9228
9595 9595
9049 9049
9047 9047
3545 3545
3540 3540
765 765
1079 1079
5377 5377
5373 5373
4332 4332
3137 3137
5761 5761
8193 8193
2256 2256
8196 8196
7426 7426
7423 7423
2250 2250
6602 6602
1041 1041
5367 5367
7329 7329
2352 2352
1899 1899
3737 3737
5160 5160
2787 2787
9698 9698
9469 9469
1534 1534
1538 1538
4107 4107
4106 4106
3896 3896
9167 9167
6031 6031
10061 10061
10069 10069
7382 7382
7380 7380
7386 7386
9062 9062
10280 10280
3567 3567
4480 4480
702 702
5319 5319
3159 3159
8577 8577
8571 8571
8579 8579
7409 7409
7404 7404
7407 7407
7403 7403
6626 6626
4908 4908
4679 4679
4678 4678
4901 4901
5145 5145
5141 5141
127 127
7951 7951
7247 7247
7243 7243
7242 7242
6824 6824
6826 6826
6829 6829
9864 9864
9867 9867
1516 1516
1512 1512
3783 3783
261 261
260 260
6011 6011
9086 9086
3501 3501
2671 2671
2674 2674
2678 2678
5334 5334
3173 3173
3172 3172
3175 3175
727 727
721 721
729 729
1166 1166
1160 1160
1168 1168
1362 1362
3198 3198
7466 7466
1718 1718
4738 4738
5853 5853
4651 4651
7264 7264
7511 7511
9745 9745
8835 8835
7679 7679
9593 9593
1759 1759
1756 1756
685 685
682 682
5622 5622
8492 8492
8496 8496
5997 5997
6786 6786
2154 2154
3694 3694
1142 1142
1144 1144
2969 2969
6400 6400
8538 8538
8530 8530
7446 7446
385 385
388 388
4755 4755
5876 5876
5877 5877
3753 3753
3756 3756
2195 2195
169 169
166 166
6197 6197
6191 6191
2736 2736
9183 9183
6224 6224
9766 9766
804 804
1554 1554
1557 1557
3031 3031
8700 8700
8706 8706
8704 8704
8709 8709
4695 4695
6769 6769
6762 6762
228 228
220 220
5044 5044
9511 9511
0 0
3204 3204
1995 1995
10196 10196
10195 10195
1121 1121
1126 1126
1127 1127
4770 4770
4779 4779
5812 5812
4610 4610
4613 4613
7424 7424
2707 2707
140 140
132 132
1420 1420
2710 2710
6242 6242
6244 6244
9701 9701
9703 9703
8721 8721
8724 8724
4183 4183
2630 2630
16 16
8186 8186
7766 7766
3904 3904
3903 3903
6740 6740
9716 9716
9951 9951
9950 9950
3470 3470
3653 3653
5390 5390
9391 9391
9390 9390
407 407
8064 8064
7482 7482
2892 2892
1455 1455
1104 1104
1108 1108
1109 1109
1894 1894
1837 1837
4697 4697
6901 6901
6262 6262
6268 6268
4900 4900
9720 9720
4903 4903
840 840
8896 8896
3070 3070
3074 3074
1590 1590
8065 8065
6463 6463
7743 7743
7747 7747
8304 8304
6724 6724
9930 9930
4823 4823
5009 5009
8747 8747
904 904
9556 9556
8932 8932
7171 7171
2225 2225
1695 1695
8624 8624
25 25
4923 4923
4921 4921
2289 2289
4538 4538
4535 4535
4824 4824
10303 10303
7919 7919
7913 7913
7910 7910
6286 6286
9401 9401
652 652
2757 2757
2753 2753
2023 2023
5217 5217
9331 9331
3058 3058
3052 3052
3053 3053
1313 1313
7723 7723
3944 3944
6703 6703
6704 6704
3613 3613
4440 4440
4443 4443
962 962
963 963
1249 1249
648 648
3235 3235
8917 8917
7112 7112
7117 7117
7116 7116
1673 1673
7291 7291
1415 1415
4202 4202
4205 4205
4892 4892
7287 7287
9492 9492
8152 8152
9543 9543
1084 1084
8859 8859
1335 1335
446 446
6933 6933
6937 6937
6938 6938
7702 7702
33 33
37 37
3639 3639
4468 4468
4463 4463
946 946
9667 9667
10112 10112
1733 1733
5547 5547
5891 5891
4915 4915
4661 4661
321 321
6138 6138
6131 6131
9478 9478
10066 10066
10064 10064
2248 2248
2249 2249
3400 3400
3409 3409
4871 4871
4878 4878
2792 2792
9784 9784
7091 7091
466 466
6959 6959
6956 6956
4885 4885
8365 8365
8366 8366
9064 9064
3184 3184
3183 3183
3189 3189
4014 4014
3980 3980
5796 5796
1446 1446
287 287
7875 7875
10130 10130
10132 10132
9646 9646
2906 2906
4965 4965
560 560
564 564
8541 8541
5429 5429
3371 3371
4244 4244
4240 4240
44 44
349 349
6153 6153
8300 8300
4520 4520
6584 6584
7995 7995
8202 8202
9618 9618
10160 10160
10098 10098
7076 7076
8385 8385
1371 1371
1377 1377
1502 1502
10150 10150
9332 9332
9294 9294
3236 3236
1612 1612
5449 5449
5493 5493
5501 5501
5139 5139
7681 7681
3827 3827
1945 1945
6176 6176
6177 6177
2201 2201
4528 4528
9432 9432
5295 5295
5293 5293
8630 8630
7054 7054
8639 8639
8638 8638
6993 6993
9999 9999
425 425
1425 1425
2334 2334
2437 2437
7830 7830
6343 6343
6346 6346
9601 9601
9355 9355
10176 10176
1803 1803
1802 1802
1946 1946
5464 5464
5466 5466
3338 3338
1392 1392
526 526
520 520
1236 1236
1238 1238
8285 8285
8280 8280
2488 2488
2489 2489
3809 3809
3808 3808
2480 2480
7559 7559
7552 7552
4170 4170
5926 5926
4507 4507
2082 2082
2087 2087
9130 9130
7035 7035
9018 9018
7787 7787
4349 4349
8617 8617
8616 8616
8611 8611
9272 9272
9275 9275
5094 5094
4494 4494
1820 1820
2413 2413
2141 2141
4977 4977
3311 3311
3277 3277
1928 1928
3279 3279
5587 5587
3318 3318
504 504
501 501
6527 6527
8263 8263
3862 3862
8400 8400
8404 8404
7577 7577
1199 1199
5903 5903
5908 5908
3481 3481
8215 8215
4563 4563
4560 4560
10179 10179
9356 9356
9606 9606
7379 7379
7370 7370
7016 7016
751 751
757 757
754 754
8998 8998
2951 2951
1029 1029
3323 3323
4366 4366
3102 3102
8672 8672
8670 8670
8674 8674
8898 8898
6381 6381
6380 6380
6389 6389
1842 1842
2129 2129
1907 1907
6894 6894
10308 10308
619 619
8422 8422
9838 9838
10309 10309
9837 9837
4131 4131
3844 3844
3848 3848
5698 5698
5965 5965
6985 6985
2625 2625
9056 9056
7335 7335
778 778
73 73
2971 2971
2977 2977
1046 1046
3126 3126
8653 8653
9316 9316
3446 3446
2756 2756
7435 7435
2027 2027
7431 7431
7432 7432
2323 2323
6674 6674
2327 2327
1617 1617
2369 2369
2365 2365
2361 2361
1863 1863
1865 1865
3725 3725
4686 4686
4939 4939
5111 5111
5110 5110
1782 1782
6879 6879
6878 6878
6876 6876
8226 8226
676 676
7603 7603
9179 9179
2494 2494
1251 1251
1259 1259
5353 5353
4111 4111
3346 3346
10073 10073
2646 2646
5417 5417
9073 9073
3557 3557
3558 3558
1069 1069
5303 5303
4320 4320
3141 3141
3143 3143
5773 5773
5777 5777
7412 7412
7413 7413
7416 7416
6612 6612
5080 5080
5087 5087
5084 5084
2349 2349
3709 3709
4913 4913
7252 7252
7259 7259
7004 7004
6852 6852
83 83
80 80
8204 8204
7626 7626
9879 9879
9876 9876
1506 1506
3882 3882
3888 3888
7121 7121
990 990
10058 10058
9091 9091
3579 3579
2665 2665
5325 5325
5320 5320
8563 8563
7472 7472
3765 3765
3767 3767
1792 1792
1562 1562
117 117
6838 6838
8820 8820
8776 8776
8775 8775
7646 7646
7648 7648
1740 1740
9132 9132
9137 9137
5490 5490
7297 7297
1293 1293
1566 1566
8481 8481
8483 8483
8485 8485
